C           0.000e+00 0.00e+00  8.000e+02 0.00e+00 1      H2O 1
C           0.000e+00 0.00e+00  4.000e+03 0.00e+00 1      H2O 1
C           0.000e+00 0.00e+00  1.000e+04 3.00e+03 1      H2O 2
C           7.380e+14 0.00e+00  1.598e+04 0.00e+00 1 CompactA 2
C           7.380e+14 0.00e+00  1.598e+04 0.00e+00 1     SiO2 2
Cl          0.000e+00 0.00e+00  1.100e+03 0.00e+00 1      H2O 1
Cl          0.000e+00 0.00e+00  3.000e+03 9.00e+02 1      H2O 2
Fe          0.000e+00 0.00e+00  4.200e+03 0.00e+00 1      H2O 1
H           0.000e+00 0.00e+00  4.500e+02 0.00e+00 1      H2O 1
H           0.000e+00 0.00e+00  6.500e+02 1.95e+02 1      H2O 2
H           1.540e+11 0.00e+00  4.500e+02 0.00e+00 1 CompactA 2
H           1.150e+11 0.00e+00  3.510e+02 0.00e+00 1  Olivine 2
H           1.150e+11 0.00e+00  4.310e+02 0.00e+00 1 Graphite 2
He          0.000e+00 0.00e+00  1.000e+02 0.00e+00 1      H2O 1
Mg          0.000e+00 0.00e+00  5.300e+03 0.00e+00 1      H2O 1
N           0.000e+00 0.00e+00  8.000e+02 0.00e+00 1      H2O 1
N           0.000e+00 0.00e+00  7.200e+02 2.16e+02 1      H2O 2
N           1.170e+13 0.00e+00  8.060e+02 0.00e+00 1 CompactA 2
Na          0.000e+00 0.00e+00  1.180e+04 0.00e+00 1      H2O 1
O           1.000e+12 0.00e+00  1.660e+03 6.00e+01 0 H2O/Amor 2
O           1.000e+12 0.00e+00  1.850e+03 9.00e+01 0 SiOx/Sil 2
O           0.000e+00 0.00e+00  1.600e+03 4.80e+02 1      H2O 2
O           2.730e+13 0.00e+00  1.751e+03 0.00e+00 1 CompactA 2
O           3.100e+13 0.00e+00  1.821e+03 0.00e+00 1 Oxydized 2
P           0.000e+00 0.00e+00  1.100e+03 0.00e+00 1      H2O 1
S           0.000e+00 0.00e+00  1.100e+03 0.00e+00 1      H2O 1
S           0.000e+00 0.00e+00  2.600e+03 7.80e+02 1      H2O 2
Si          0.000e+00 0.00e+00  2.700e+03 0.00e+00 1      H2O 1
Si          0.000e+00 0.00e+00  1.160e+04 3.48e+03 1      H2O 2
F           0.000e+00 0.00e+00  8.000e+02 0.00e+00 1      H2O 1
C2          0.000e+00 0.00e+00  1.600e+03 0.00e+00 1      H2O 1
C2          0.000e+00 0.00e+00  1.000e+04 3.00e+03 1      H2O 2
CCl         0.000e+00 0.00e+00  1.900e+03 0.00e+00 1      H2O 1
CH          0.000e+00 0.00e+00  9.250e+02 0.00e+00 1      H2O 1
ClO         0.000e+00 0.00e+00  1.900e+03 0.00e+00 1      H2O 1
CN          0.000e+00 0.00e+00  1.600e+03 0.00e+00 1      H2O 1
CN          0.000e+00 0.00e+00  2.800e+03 8.40e+02 1      H2O 2
CO          0.000e+00 0.00e+00  1.150e+03 0.00e+00 1      H2O 1
CO          0.000e+00 0.00e+00  1.300e+03 3.90e+02 1      H2O 2
CO          9.140e+14 0.00e+00  1.390e+03 0.00e+00 1 CompactA 2
CO          1.230e+15 0.00e+00  1.631e+03 0.00e+00 1 Highly-O 2
CO          1.230e+15 0.00e+00  1.365e+03 0.00e+00 1     SiOx 2
CP          0.000e+00 0.00e+00  1.900e+03 0.00e+00 1      H2O 1
CS          0.000e+00 0.00e+00  1.900e+03 0.00e+00 1      H2O 1
CS          0.000e+00 0.00e+00  3.200e+03 9.60e+02 1      H2O 2
CS          6.650e+16 0.00e+00  4.199e+03 0.00e+00 1 CompactA 2
H2          0.000e+00 0.00e+00  4.500e+02 0.00e+00 1      H2O 1
H2          0.000e+00 0.00e+00  4.400e+02 1.32e+02 1      H2O 2
H2          1.980e+11 0.00e+00  3.710e+02 0.00e+00 1 CompactA 2
H2          1.980e+11 0.00e+00  4.680e+02 0.00e+00 1 Silicate 2
HCl         0.000e+00 0.00e+00  5.174e+03 1.00e+00 0      H2O 2
HCl         0.000e+00 0.00e+00  5.172e+03 1.55e+03 1      H2O 2
HF          0.000e+00 0.00e+00  2.850e+03 0.00e+00 1      H2O 1
HF          0.000e+00 0.00e+00  7.500e+03 2.25e+03 1      H2O 2
HS          0.000e+00 0.00e+00  1.450e+03 0.00e+00 1      H2O 1
HS          0.000e+00 0.00e+00  2.700e+03 8.10e+02 1      H2O 2
N2          0.000e+00 0.00e+00  1.000e+03 0.00e+00 1      H2O 1
N2          0.000e+00 0.00e+00  1.100e+03 3.30e+02 1      H2O 2
N2          4.510e+14 0.00e+00  1.074e+03 0.00e+00 1 CompactA 2
N2          4.110e+14 0.00e+00  1.538e+03 0.00e+00 1 Highly-O 2
NaH         0.000e+00 0.00e+00  1.225e+04 0.00e+00 1      H2O 1
NH          0.000e+00 0.00e+00  2.378e+03 0.00e+00 1      H2O 1
NH          0.000e+00 0.00e+00  2.600e+03 7.80e+02 1      H2O 2
NO          0.000e+00 0.00e+00  1.600e+03 0.00e+00 1      H2O 1
NO          0.000e+00 0.00e+00  1.600e+03 4.80e+02 1      H2O 2
NS          0.000e+00 0.00e+00  1.900e+03 0.00e+00 1      H2O 1
O2          0.000e+00 0.00e+00  1.000e+03 0.00e+00 1      H2O 1
O2          0.000e+00 0.00e+00  1.200e+03 3.60e+02 1      H2O 2
O2          5.980e+14 0.00e+00  1.107e+03 0.00e+00 1 CompactA 2
O2          5.980e+14 0.00e+00  1.522e+03 0.00e+00 1 Highly-O 2
O2          5.980e+14 0.00e+00  1.385e+03 0.00e+00 1     SiOx 2
OH          0.000e+00 0.00e+00  2.850e+03 0.00e+00 1      H2O 1
OH          0.000e+00 0.00e+00  4.600e+03 1.38e+03 1      H2O 2
OH          3.760e+15 0.00e+00  5.698e+03 0.00e+00 1 CompactA 2
OH          3.760e+15 0.00e+00  5.698e+03 0.00e+00 1  Olivine 2
PH          0.000e+00 0.00e+00  1.550e+03 0.00e+00 1      H2O 1
PN          0.000e+00 0.00e+00  1.900e+03 0.00e+00 1      H2O 1
PO          0.000e+00 0.00e+00  1.900e+03 0.00e+00 1      H2O 1
S2          0.000e+00 0.00e+00  2.200e+03 0.00e+00 1      H2O 1
SiC         0.000e+00 0.00e+00  3.500e+03 0.00e+00 1      H2O 1
SiH         0.000e+00 0.00e+00  3.150e+03 0.00e+00 1      H2O 1
SiH         0.000e+00 0.00e+00  1.300e+04 3.90e+03 1      H2O 2
SiN         0.000e+00 0.00e+00  3.500e+03 0.00e+00 1      H2O 1
SiO         0.000e+00 0.00e+00  3.500e+03 0.00e+00 1      H2O 1
SiS         0.000e+00 0.00e+00  3.800e+03 0.00e+00 1      H2O 1
SO          0.000e+00 0.00e+00  2.600e+03 0.00e+00 1      H2O 1
SO          0.000e+00 0.00e+00  2.800e+03 8.40e+02 1      H2O 2
CCH         0.000e+00 0.00e+00  2.137e+03 0.00e+00 1      H2O 1
CCH         0.000e+00 0.00e+00  3.000e+03 9.00e+02 1      H2O 2
CCN         0.000e+00 0.00e+00  2.400e+03 0.00e+00 1      H2O 1
CCS         0.000e+00 0.00e+00  2.700e+03 0.00e+00 1      H2O 1
C3          0.000e+00 0.00e+00  2.400e+03 0.00e+00 1      H2O 1
C3          0.000e+00 0.00e+00  2.500e+03 7.50e+02 1      H2O 2
CCO         0.000e+00 0.00e+00  1.950e+03 0.00e+00 1      H2O 1
CCP         0.000e+00 0.00e+00  4.300e+03 0.00e+00 1      H2O 1
CH2         0.000e+00 0.00e+00  1.050e+03 0.00e+00 1      H2O 1
CH2         0.000e+00 0.00e+00  1.400e+03 4.20e+02 1      H2O 2
CO2         0.000e+00 0.00e+00  2.575e+03 0.00e+00 1      H2O 1
CO2         0.000e+00 0.00e+00  2.600e+03 7.80e+02 1      H2O 2
CO2         6.810e+16 0.00e+00  3.196e+03 0.00e+00 1 CompactA 2
CO2         7.430e+16 0.00e+00  3.243e+03 0.00e+00 1 Highly-O 2
CO2         7.430e+16 0.00e+00  3.738e+03 0.00e+00 1     SiOx 2
H2O         0.000e+00 0.00e+00  5.700e+03 0.00e+00 1      H2O 1
H2O         0.000e+00 0.00e+00  5.600e+03 1.68e+03 1      H2O 2
H2O         4.960e+15 0.00e+00  5.705e+03 0.00e+00 1 CompactA 2
H2O         4.960e+15 0.00e+00  5.792e+03 0.00e+00 1 Highly-O 2
H2O         4.960e+15 0.00e+00  5.755e+03 0.00e+00 1  Olivine 2
H2S         0.000e+00 0.00e+00  2.743e+03 0.00e+00 1      H2O 1
H2S         0.000e+00 0.00e+00  2.700e+03 8.10e+02 1      H2O 2
H2S         4.950e+15 0.00e+00  3.426e+03 0.00e+00 1 CompactA 2
H2S         4.910e+15 0.00e+00  2.616e+03 0.00e+00 1 Highly-O 2
HCN         0.000e+00 0.00e+00  2.050e+03 0.00e+00 1      H2O 1
HCN         0.000e+00 0.00e+00  3.700e+03 1.11e+03 1      H2O 2
HCN         1.630e+17 0.00e+00  5.344e+03 0.00e+00 1 CompactA 2
HCN         1.630e+17 0.00e+00  4.909e+03 0.00e+00 1   Copper 2
HCO         0.000e+00 0.00e+00  1.600e+03 0.00e+00 1      H2O 1
HCO         0.000e+00 0.00e+00  2.400e+03 7.20e+02 1      H2O 2
HCP         0.000e+00 0.00e+00  2.350e+03 0.00e+00 1      H2O 1
HCS         0.000e+00 0.00e+00  2.350e+03 0.00e+00 1      H2O 1
HCS         0.000e+00 0.00e+00  2.900e+03 8.70e+02 1      H2O 2
HCSi        0.000e+00 0.00e+00  3.625e+03 0.00e+00 1      H2O 1
HNC         0.000e+00 0.00e+00  2.050e+03 0.00e+00 1      H2O 1
HNC         0.000e+00 0.00e+00  3.800e+03 1.14e+03 1      H2O 2
HNO         0.000e+00 0.00e+00  2.050e+03 0.00e+00 1      H2O 1
HNO         0.000e+00 0.00e+00  3.000e+03 9.00e+02 1      H2O 2
HNSi        0.000e+00 0.00e+00  5.078e+03 0.00e+00 1      H2O 1
HPO         0.000e+00 0.00e+00  2.350e+03 0.00e+00 1      H2O 1
HSS         0.000e+00 0.00e+00  2.650e+03 0.00e+00 1      H2O 1
N2O         0.000e+00 0.00e+00  2.400e+03 0.00e+00 1      H2O 1
NaOH        0.000e+00 0.00e+00  1.465e+04 0.00e+00 1      H2O 1
NH2         0.000e+00 0.00e+00  3.956e+03 0.00e+00 1      H2O 1
NH2         0.000e+00 0.00e+00  3.200e+03 9.60e+02 1      H2O 2
NO2         0.000e+00 0.00e+00  2.400e+03 0.00e+00 1      H2O 1
O2H         0.000e+00 0.00e+00  3.650e+03 0.00e+00 1      H2O 1
O2H         0.000e+00 0.00e+00  5.000e+03 1.50e+03 1      H2O 2
OCN         0.000e+00 0.00e+00  2.400e+03 0.00e+00 1      H2O 1
OCS         0.000e+00 0.00e+00  2.888e+03 0.00e+00 1      H2O 1
OCS         0.000e+00 0.00e+00  2.400e+03 7.20e+02 1      H2O 2
PH2         0.000e+00 0.00e+00  2.000e+03 0.00e+00 1      H2O 1
c-SiC2      0.000e+00 0.00e+00  4.300e+03 0.00e+00 1      H2O 1
SiH2        0.000e+00 0.00e+00  3.600e+03 0.00e+00 1      H2O 1
SiNC        0.000e+00 0.00e+00  4.300e+03 0.00e+00 1      H2O 1
SiO2        0.000e+00 0.00e+00  4.300e+03 0.00e+00 1      H2O 1
SO2         0.000e+00 0.00e+00  3.405e+03 0.00e+00 1      H2O 1
SO2         0.000e+00 0.00e+00  3.400e+03 1.02e+03 1      H2O 2
CNO         1.200e+12 0.00e+00  2.400e+03 0.00e+00 0      H2O 1
C2H2        0.000e+00 0.00e+00  2.587e+03 0.00e+00 1      H2O 1
C2H2        0.000e+00 0.00e+00  2.587e+03 7.76e+02 1      H2O 2
C2H2        4.990e+15 0.00e+00  2.877e+03 0.00e+00 1 CompactA 2
C2H2        5.210e+15 0.00e+00  2.922e+03 0.00e+00 1 Graphite 2
c-C3H       0.000e+00 0.00e+00  2.937e+03 0.00e+00 1      H2O 1
c-C3H       0.000e+00 0.00e+00  5.200e+03 1.56e+03 1      H2O 2
C3N         0.000e+00 0.00e+00  3.200e+03 0.00e+00 1      H2O 1
C3O         0.000e+00 0.00e+00  2.750e+03 0.00e+00 1      H2O 1
C3P         0.000e+00 0.00e+00  5.900e+03 0.00e+00 1      H2O 1
C3S         0.000e+00 0.00e+00  3.500e+03 0.00e+00 1      H2O 1
C4          0.000e+00 0.00e+00  3.200e+03 0.00e+00 1      H2O 1
CH3         0.000e+00 0.00e+00  1.175e+03 0.00e+00 1      H2O 1
CH3         0.000e+00 0.00e+00  1.600e+03 4.80e+02 1      H2O 2
H2CN        0.000e+00 0.00e+00  2.400e+03 0.00e+00 1      H2O 1
H2CO        0.000e+00 0.00e+00  2.050e+03 0.00e+00 1      H2O 1
H2CO        0.000e+00 0.00e+00  4.500e+03 1.35e+03 1      H2O 2
H2CO        8.290e+16 0.00e+00  4.117e+03 0.00e+00 1 CompactA 2
H2CO        2.980e+16 0.00e+00  4.570e+03 0.00e+00 1  Olivine 2
H2CS        0.000e+00 0.00e+00  2.700e+03 0.00e+00 1      H2O 1
H2CS        0.000e+00 0.00e+00  4.400e+03 1.32e+03 1      H2O 2
HOOH        0.000e+00 0.00e+00  5.700e+03 0.00e+00 1      H2O 1
HOOH        0.000e+00 0.00e+00  6.000e+03 1.80e+03 1      H2O 2
HSSH        0.000e+00 0.00e+00  3.100e+03 0.00e+00 1      H2O 1
H2SiO       0.000e+00 0.00e+00  4.050e+03 0.00e+00 1      H2O 1
HCCP        0.000e+00 0.00e+00  4.750e+03 0.00e+00 1      H2O 1
NH3         0.000e+00 0.00e+00  5.534e+03 0.00e+00 1      H2O 1
NH3         0.000e+00 0.00e+00  5.500e+03 1.65e+03 1      H2O 2
NH3         1.940e+15 0.00e+00  5.362e+03 0.00e+00 1 CompactA 2
NH3         1.410e+15 0.00e+00  3.330e+03 0.00e+00 1 Highly-O 2
NH3         1.410e+15 0.00e+00  4.175e+03 0.00e+00 1  Mg2SiO4 2
HCCSi       0.000e+00 0.00e+00  4.750e+03 0.00e+00 1      H2O 1
l-SiC3      0.000e+00 0.00e+00  5.100e+03 0.00e+00 1      H2O 1
SiCH2       0.000e+00 0.00e+00  3.750e+03 0.00e+00 1      H2O 1
SiH3        0.000e+00 0.00e+00  4.050e+03 0.00e+00 1      H2O 1
l-C3H       0.000e+00 0.00e+00  2.937e+03 0.00e+00 1      H2O 1
l-C3H       0.000e+00 0.00e+00  4.000e+03 1.20e+03 1      H2O 2
HC2O        0.000e+00 0.00e+00  2.400e+03 0.00e+00 1      H2O 1
HNCO        1.280e+12 0.00e+00  2.800e+03 0.00e+00 0      H2O 1
HNCO        0.000e+00 0.00e+00  2.850e+03 0.00e+00 1      H2O 1
HNCO        0.000e+00 0.00e+00  4.400e+03 1.32e+03 1      H2O 2
HNCS        0.000e+00 0.00e+00  4.600e+03 1.38e+03 1      H2O 2
HOCN        1.280e+12 0.00e+00  2.800e+03 0.00e+00 0      H2O 1
HCNO        1.280e+12 0.00e+00  2.800e+03 0.00e+00 0      H2O 1
HONC        1.280e+12 0.00e+00  2.800e+03 0.00e+00 0      H2O 1
H2CCN       0.000e+00 0.00e+00  4.230e+03 0.00e+00 1      H2O 1
H2CCO       0.000e+00 0.00e+00  2.200e+03 0.00e+00 1      H2O 1
H2CCO       0.000e+00 0.00e+00  2.800e+03 8.40e+02 1      H2O 2
C2H3        0.000e+00 0.00e+00  3.037e+03 0.00e+00 1      H2O 1
C2H3        0.000e+00 0.00e+00  2.800e+03 8.40e+02 1      H2O 2
c-C3H2      0.000e+00 0.00e+00  3.387e+03 0.00e+00 1      H2O 1
c-C3H2      0.000e+00 0.00e+00  5.900e+03 1.77e+03 1      H2O 2
C4H         0.000e+00 0.00e+00  3.737e+03 0.00e+00 1      H2O 1
C4N         0.000e+00 0.00e+00  4.000e+03 0.00e+00 1      H2O 1
C4P         0.000e+00 0.00e+00  7.500e+03 0.00e+00 1      H2O 1
C4S         0.000e+00 0.00e+00  4.300e+03 0.00e+00 1      H2O 1
C5          0.000e+00 0.00e+00  4.000e+03 0.00e+00 1      H2O 1
HCOOH       0.000e+00 0.00e+00  5.570e+03 0.00e+00 1      H2O 1
CH2PH       0.000e+00 0.00e+00  2.600e+03 0.00e+00 1      H2O 1
CH2NH       0.000e+00 0.00e+00  5.534e+03 0.00e+00 1      H2O 1
CH4         0.000e+00 0.00e+00  1.300e+03 0.00e+00 1      H2O 1
CH4         0.000e+00 0.00e+00  9.600e+02 2.88e+02 1      H2O 2
CH4         5.430e+13 0.00e+00  1.232e+03 0.00e+00 1 CompactA 2
CH4         1.040e+14 0.00e+00  1.593e+03 0.00e+00 1 Graphite 2
HCNCC       0.000e+00 0.00e+00  4.580e+03 0.00e+00 1      H2O 1
HCCNC       0.000e+00 0.00e+00  4.580e+03 0.00e+00 1      H2O 1
HC3N        0.000e+00 0.00e+00  4.580e+03 0.00e+00 1      H2O 1
HNCCC       0.000e+00 0.00e+00  4.580e+03 0.00e+00 1      H2O 1
NH2CN       0.000e+00 0.00e+00  5.556e+03 0.00e+00 1      H2O 1
c-HCCHSi    0.000e+00 0.00e+00  5.200e+03 0.00e+00 1      H2O 1
SiC3H       0.000e+00 0.00e+00  5.550e+03 0.00e+00 1      H2O 1
SiC4        0.000e+00 0.00e+00  5.900e+03 0.00e+00 1      H2O 1
SiCH3       0.000e+00 0.00e+00  4.200e+03 0.00e+00 1      H2O 1
SiH4        0.000e+00 0.00e+00  4.500e+03 0.00e+00 1      H2O 1
l-C3H2      0.000e+00 0.00e+00  3.387e+03 0.00e+00 1      H2O 1
CH2OH       0.000e+00 0.00e+00  5.084e+03 0.00e+00 1      H2O 1
CH2OH       0.000e+00 0.00e+00  4.400e+03 1.32e+03 1      H2O 2
CH3O        0.000e+00 0.00e+00  4.400e+03 1.32e+03 1      H2O 2
CH3S        0.000e+00 0.00e+00  4.200e+03 1.26e+03 1      H2O 2
NC4N        0.000e+00 0.00e+00  4.200e+03 0.00e+00 1      H2O 1
H2CSiCH     0.000e+00 0.00e+00  4.675e+03 0.00e+00 1      H2O 1
SiC4H       0.000e+00 0.00e+00  6.437e+03 0.00e+00 1      H2O 1
CH3CN       0.000e+00 0.00e+00  4.680e+03 0.00e+00 1      H2O 1
CH3CN       0.000e+00 0.00e+00  4.680e+03 1.40e+03 1      H2O 2
CH3CN       2.370e+17 0.00e+00  6.253e+03 0.00e+00 1 CompactA 2
CH3CN       2.730e+17 0.00e+00  4.954e+03 0.00e+00 1 Graphite 2
C2H4        0.000e+00 0.00e+00  3.487e+03 0.00e+00 1      H2O 1
C2H4        0.000e+00 0.00e+00  2.500e+03 7.50e+02 1      H2O 2
CH2CCH      0.000e+00 0.00e+00  3.837e+03 0.00e+00 1      H2O 1
CH2CCH      0.000e+00 0.00e+00  3.300e+03 9.90e+02 1      H2O 2
C4H2        0.000e+00 0.00e+00  4.187e+03 0.00e+00 1      H2O 1
C5H         0.000e+00 0.00e+00  4.537e+03 0.00e+00 1      H2O 1
C5N         0.000e+00 0.00e+00  4.800e+03 0.00e+00 1      H2O 1
C6          0.000e+00 0.00e+00  4.800e+03 0.00e+00 1      H2O 1
CH3OH       0.000e+00 0.00e+00  5.534e+03 0.00e+00 1      H2O 1
CH3OH       0.000e+00 0.00e+00  5.000e+03 1.50e+03 1      H2O 2
CH3OH       3.180e+17 0.00e+00  6.621e+03 0.00e+00 1 CompactA 2
CH3OH       5.170e+17 0.00e+00  5.728e+03 0.00e+00 1 Highly-O 2
NH2CHO      0.000e+00 0.00e+00  5.556e+03 0.00e+00 1      H2O 1
NH2CHO      0.000e+00 0.00e+00  6.300e+03 1.89e+03 1      H2O 2
NH2CHO      3.690e+18 0.00e+00  9.561e+03 0.00e+00 1 CompactA 2
NH2CHO      9.530e+18 0.00e+00  1.054e+04 0.00e+00 1     SiO2 2
HC4N        0.000e+00 0.00e+00  5.380e+03 0.00e+00 1      H2O 1
CH3CO       0.000e+00 0.00e+00  2.650e+03 0.00e+00 1      H2O 1
C5O         0.000e+00 0.00e+00  4.350e+03 0.00e+00 1      H2O 1
CH3SH       0.000e+00 0.00e+00  4.000e+03 1.20e+03 1      H2O 2
CH3CCH      0.000e+00 0.00e+00  4.287e+03 0.00e+00 1      H2O 1
CH3CCH      0.000e+00 0.00e+00  3.800e+03 1.14e+03 1      H2O 2
SiC2CH3     0.000e+00 0.00e+00  5.475e+03 0.00e+00 1      H2O 1
CH3CHO      0.000e+00 0.00e+00  2.450e+03 0.00e+00 1      H2O 1
CH3CHO      0.000e+00 0.00e+00  5.400e+03 1.62e+03 1      H2O 2
C2H5        0.000e+00 0.00e+00  3.937e+03 0.00e+00 1      H2O 1
C2H5        0.000e+00 0.00e+00  3.100e+03 9.30e+02 1      H2O 2
CH2CHCN     0.000e+00 0.00e+00  5.480e+03 0.00e+00 1      H2O 1
C5H2        0.000e+00 0.00e+00  4.987e+03 0.00e+00 1      H2O 1
C6H         0.000e+00 0.00e+00  5.337e+03 0.00e+00 1      H2O 1
C7          0.000e+00 0.00e+00  5.600e+03 0.00e+00 1      H2O 1
CH3NH2      0.000e+00 0.00e+00  6.584e+03 0.00e+00 1      H2O 1
HC5N        0.000e+00 0.00e+00  6.180e+03 0.00e+00 1      H2O 1
C4H3        0.000e+00 0.00e+00  4.637e+03 0.00e+00 1      H2O 1
CH2CCH2     0.000e+00 0.00e+00  3.000e+03 9.00e+02 1      H2O 2
C6N         0.000e+00 0.00e+00  5.600e+03 0.00e+00 1      H2O 1
CH3NCO      0.000e+00 0.00e+00  4.700e+03 1.41e+03 1      H2O 2
NC6N        0.000e+00 0.00e+00  5.800e+03 0.00e+00 1      H2O 1
C4H4        0.000e+00 0.00e+00  5.087e+03 0.00e+00 1      H2O 1
SiC6H       0.000e+00 0.00e+00  8.037e+03 0.00e+00 1      H2O 1
C6H2        0.000e+00 0.00e+00  5.787e+03 0.00e+00 1      H2O 1
C7H         0.000e+00 0.00e+00  6.137e+03 0.00e+00 1      H2O 1
C7N         0.000e+00 0.00e+00  6.400e+03 0.00e+00 1      H2O 1
C8          0.000e+00 0.00e+00  6.400e+03 0.00e+00 1      H2O 1
CH3C3N      0.000e+00 0.00e+00  6.480e+03 0.00e+00 1      H2O 1
HCOOCH3     0.000e+00 0.00e+00  6.295e+03 0.00e+00 1      H2O 1
HC6N        0.000e+00 0.00e+00  7.780e+03 0.00e+00 1      H2O 1
C2H6        0.000e+00 0.00e+00  4.387e+03 0.00e+00 1      H2O 1
C2H6        0.000e+00 0.00e+00  1.600e+03 4.80e+02 1      H2O 2
C3H5        0.000e+00 0.00e+00  4.737e+03 0.00e+00 1      H2O 1
C3H5        0.000e+00 0.00e+00  3.100e+03 9.30e+02 1      H2O 2
C5H3        0.000e+00 0.00e+00  5.437e+03 0.00e+00 1      H2O 1
C7O         0.000e+00 0.00e+00  5.950e+03 0.00e+00 1      H2O 1
C2H3CHO     0.000e+00 0.00e+00  5.400e+03 1.62e+03 1      H2O 2
CH3CHCH2    0.000e+00 0.00e+00  5.187e+03 0.00e+00 1      H2O 1
CH3CHCH2    0.000e+00 0.00e+00  3.100e+03 9.30e+02 1      H2O 2
SiC3H5      0.000e+00 0.00e+00  7.437e+03 0.00e+00 1      H2O 1
CH3CH2OH    0.000e+00 0.00e+00  6.584e+03 0.00e+00 1      H2O 1
CH3CH2OH    0.000e+00 0.00e+00  5.400e+03 1.62e+03 1      H2O 2
C7H2        0.000e+00 0.00e+00  6.587e+03 0.00e+00 1      H2O 1
C8H         0.000e+00 0.00e+00  6.937e+03 0.00e+00 1      H2O 1
C9          0.000e+00 0.00e+00  7.200e+03 0.00e+00 1      H2O 1
CH3C4H      0.000e+00 0.00e+00  5.887e+03 0.00e+00 1      H2O 1
CH3OCH3     0.000e+00 0.00e+00  3.150e+03 0.00e+00 1      H2O 1
HC7N        0.000e+00 0.00e+00  7.780e+03 0.00e+00 1      H2O 1
C4H5        0.000e+00 0.00e+00  5.537e+03 0.00e+00 1      H2O 1
C6H3        0.000e+00 0.00e+00  6.237e+03 0.00e+00 1      H2O 1
C8N         0.000e+00 0.00e+00  7.200e+03 0.00e+00 1      H2O 1
NC8N        0.000e+00 0.00e+00  7.400e+03 0.00e+00 1      H2O 1
CH2CHCHCH2  0.000e+00 0.00e+00  5.987e+03 0.00e+00 1      H2O 1
SiC8H       0.000e+00 0.00e+00  9.637e+03 0.00e+00 1      H2O 1
HC8N        0.000e+00 0.00e+00  9.380e+03 0.00e+00 1      H2O 1
CH3COCH3    0.000e+00 0.00e+00  3.500e+03 0.00e+00 1      H2O 1
C8H2        0.000e+00 0.00e+00  7.387e+03 0.00e+00 1      H2O 1
C9H         0.000e+00 0.00e+00  7.737e+03 0.00e+00 1      H2O 1
C10         0.000e+00 0.00e+00  8.000e+03 0.00e+00 1      H2O 1
C9N         0.000e+00 0.00e+00  8.000e+03 0.00e+00 1      H2O 1
CH3C5N      0.000e+00 0.00e+00  7.880e+03 0.00e+00 1      H2O 1
C3H7        0.000e+00 0.00e+00  5.637e+03 0.00e+00 1      H2O 1
C3H7        0.000e+00 0.00e+00  3.100e+03 9.30e+02 1      H2O 2
C6H4        0.000e+00 0.00e+00  6.687e+03 0.00e+00 1      H2O 1
C7H3        0.000e+00 0.00e+00  7.037e+03 0.00e+00 1      H2O 1
C9O         0.000e+00 0.00e+00  7.550e+03 0.00e+00 1      H2O 1
C2H5CHO     0.000e+00 0.00e+00  4.500e+03 1.35e+03 1      H2O 2
C10H        0.000e+00 0.00e+00  8.450e+03 0.00e+00 1      H2O 1
C11         0.000e+00 0.00e+00  9.600e+03 0.00e+00 1      H2O 1
C9H2        0.000e+00 0.00e+00  8.187e+03 0.00e+00 1      H2O 1
CH3C6H      0.000e+00 0.00e+00  7.487e+03 0.00e+00 1      H2O 1
HC9N        0.000e+00 0.00e+00  9.380e+03 0.00e+00 1      H2O 1
C3H8        0.000e+00 0.00e+00  6.087e+03 0.00e+00 1      H2O 1
C3H8        0.000e+00 0.00e+00  1.600e+03 4.80e+02 1      H2O 2
C8H3        0.000e+00 0.00e+00  7.837e+03 0.00e+00 1      H2O 1
C10N        0.000e+00 0.00e+00  8.800e+03 0.00e+00 1      H2O 1
CH3C7N      0.000e+00 0.00e+00  9.480e+03 0.00e+00 1      H2O 1
C6H6        0.000e+00 0.00e+00  7.587e+03 0.00e+00 1      H2O 1
C10H2       0.000e+00 0.00e+00  8.550e+03 0.00e+00 1      H2O 1
C8H4        0.000e+00 0.00e+00  8.287e+03 0.00e+00 1      H2O 1
